****************************************************************																																
*   This file was generated by Direct Download Enterprise.     *																																
*   Please do not change it manually.                          *																																
****************************************************************																																
%_DYNPRO																																
ZMMR25_001																																
0100																																
750																																
                40																																
%_HEADER																																
ZMMR25_001                              0100 0100     15184192 37  0  0 50255  0G E                              20251215021408																																
%_DESCRIPTION																																
                40																																
%_FIELDS																																
%#AUTOTEXT001	0	CHAR	 18	00	00	00	30	00	  1	  5		  0	  0	  0		  0					  0	  0								### # ####		
		CHAR	 57	00	00	00	30	00	  2	  5		  0	  0	  0		  4	R				  0	  0	105									
KTOKK	0	CHAR	 10	00	00	00	30	00	  3	  7		  0	  0	  0		  0					  0	  0								#####	                                                                                                                                                                                                                                                        X	
ZEDT25_LFA1-KTOKK	C	CHAR	 26	80	00	80	00	00	  3	 23		  0	  0	  0		  0					  0	  0								__________________________		
BUKRS	0	CHAR	  8	00	00	00	30	00	  4	  7		  0	  0	  0		  0					  0	  0								####	                                                                                                                                                                                                                                                        X	
ZEDT25_LFB1-BUKRS	C	CHAR	 26	80	00	80	00	00	  4	 23		  0	  0	  0		  0					  0	  0								__________________________		
%#AUTOTEXT004	0	CHAR	 10	00	00	00	30	00	  6	  6		  0	  0	  0		  0					  0	  0								#####		
%#AUTOTEXT009	0	CHAR	 10	00	00	00	30	00	  6	 66		  0	  0	  0		  0					  0	  0								#####		
%#AUTOTEXT010	0	CHAR	 10	00	00	00	30	00	  6	128		  0	  0	  0		  0					  0	  0								#####		
		CHAR	 58	00	00	00	30	00	  7	  5		  0	  0	  0		  7	R				  0	  0	106									
		CHAR	 59	00	00	00	30	00	  7	 65		  0	  0	  0		  7	R				  0	  0	101									
		CHAR	 59	00	00	00	30	00	  7	127		  0	  0	  0		  7	R				  0	  0	102									
NAME1	0	CHAR	  8	00	00	00	30	00	  8	  7		  0	  0	  0		  0					  0	  0								####	                                                                                                                                                                                                                                                        X	
GV_NAME1	C	CHAR	 33	80	00	80	00	00	  8	 22		  0	  0	  0		  0					  0	  0								_________________________________		
AKONT	0	CHAR	  4	00	00	00	30	00	  8	 67		  0	  0	  0		  0					  0	  0								##		
GV_AKONT	C	CHAR	 26	80	00	80	00	00	  8	 82		  0	  0	  0		  0					  0	  0								__________________________		
EKORG	0	CHAR	  8	00	00	00	30	00	  8	129		  0	  0	  0		  0					  0	  0								####		
GV_EKORG	C	CHAR	 25	80	00	80	00	00	  8	144		  0	  0	  0		  0					  0	  0								_________________________		
LAND1	0	CHAR	  6	00	00	00	30	00	  9	  7		  0	  0	  0		  0					  0	  0								###	                                                                                                                                                                                                                                                        X	
GV_LAND1	C	CHAR	 27	80	00	80	00	00	  9	 22		  0	  0	  0		  0					  0	  0								___________________________		
ZTERM	0	CHAR	  8	00	00	00	30	00	  9	 67		  0	  0	  0		  0					  0	  0								####		
GV_ZTERM	C	CHAR	 33	80	00	80	00	00	  9	 82		  0	  0	  0		  0					  0	  0								_________________________________		
EKGRP	0	CHAR	  8	00	00	00	30	00	  9	129		  0	  0	  0		  0					  0	  0								####		
GV_EKGRP	C	CHAR	 25	80	00	80	00	00	  9	144		  0	  0	  0		  0					  0	  0								_________________________		
STRAS	0	CHAR	  4	00	00	00	30	00	 10	  7		  0	  0	  0		  0					  0	  0								##	                                                                                                                                                                                                                                                        X	
GV_STRAS	C	CHAR	 27	80	00	80	00	00	 10	 22		  0	  0	  0		  0					  0	  0								___________________________		
WAERS	0	CHAR	 12	00	00	00	30	00	 10	129		  0	  0	  0		  0					  0	  0								######		
GV_WAERS	C	CHAR	 25	80	00	80	00	00	 10	144		  0	  0	  0		  0					  0	  0								_________________________		
STCD2	0	CHAR	 11	00	00	00	30	00	 11	  7		  0	  0	  0		  0					  0	  0								### ##	                                                                                                                                                                                                                                                        X	
GV_STCD2	C	CHAR	 33	80	00	80	00	00	 11	 22		  0	  0	  0		  0					  0	  0								_________________________________		
MWSKZ	0	CHAR	  8	00	00	00	30	00	 11	129		  0	  0	  0		  0					  0	  0								####		
GV_MWSKZ	C	CHAR	 25	80	00	80	00	00	 11	144		  0	  0	  0		  0					  0	  0								_________________________		
STCD1	0	CHAR	  9	00	00	00	30	00	 12	  7		  0	  0	  0		  0					  0	  0								## ##	                                                                                                                                                                                                                                                        X	
GV_STCD1	C	CHAR	 33	80	00	80	00	00	 12	 22		  0	  0	  0		  0					  0	  0								_________________________________		
Explanation	0	CHAR	122	00	00	00	30	00	 15	  5		  0	  0	  0		 40					  0	  0								@AI@ ### ## # ##### #####.		
CC_ALV			182	00	00	00	30	00	 16	  5		  0	  0	  0		 26	U				  1	  1	103									
OK_CODE		CHAR	 20	80	10	00	00	00	255	  1	O	  0	  0	  0		  0					  0	  0								____________________		
%_FLOWLOGIC																																
PROCESS BEFORE OUTPUT.																																
  MODULE STATUS_0100.																																
  MODULE SET_ALV.																																
*																																
PROCESS AFTER INPUT.																																
  MODULE READ_OK_CODE.																																
  MODULE USER_COMMAND_0100.																																
