****************************************************************																																
*   This file was generated by Direct Download Enterprise.     *																																
*   Please do not change it manually.                          *																																
****************************************************************																																
%_DYNPRO																																
ZMM08_001																																
0200																																
750																																
                40																																
%_HEADER																																
ZMM08_001                               0200 0200     29101192 37  0  0 48124  0G E                              20251204190324																																
%_DESCRIPTION																																
                40																																
%_FIELDS																																
%#AUTOTEXT001	0	CHAR	 13	00	00	00	30	00	  3	  9		  0	  0	  0		  0					  0	  0								1. #####		
		CHAR	 94	00	00	00	30	00	  4	  7		  0	  0	  0		  8	R				  0	  0	105									
%#AUTOTEXT003	0	CHAR	  8	00	00	00	30	00	  5	 10		  0	  0	  0		  0					  0	  0								####	                                                                                                                                                                                                                                                        X	
NAME1	C	CHAR	 16	80	00	80	00	00	  5	 21		  0	  0	  0		  0					  0	  0								________________		
%#AUTOTEXT004	0	CHAR	  6	00	00	00	30	00	  6	 10		  0	  0	  0		  0					  0	  0								###	                                                                                                                                                                                                                                                        X	
LAND1	C	CHAR	 16	80	00	80	00	00	  6	 21		  0	  0	  0		  0					  0	  0								________________		
%#AUTOTEXT005	0	CHAR	 10	00	00	00	30	00	  7	 10		  0	  0	  0		  0					  0	  0								#####	                                                                                                                                                                                                                                                        X	
KTOKK	C	CHAR	 16	80	00	80	00	00	  7	 21		  0	  0	  0		  0					  0	  0								________________		
%#AUTOTEXT021	0	CHAR	  8	00	00	00	30	00	  8	 10		  0	  0	  0		  0					  0	  0								####	                                                                                                                                                                                                                                                        X	
STCD1	C	CHAR	 16	80	00	80	00	00	  8	 21		  0	  0	  0		  0					  0	  0								________________		
%#AUTOTEXT006	0	CHAR	 10	00	00	00	30	00	  9	 10		  0	  0	  0		  0					  0	  0								#####	                                                                                                                                                                                                                                                        X	
STCD2	C	CHAR	 16	80	00	80	00	00	  9	 21		  0	  0	  0		  0					  0	  0								________________		
%#AUTOTEXT007	0	CHAR	  4	00	00	00	30	00	 10	 10		  0	  0	  0		  0					  0	  0								##		
STRAS	C	CHAR	 16	80	00	80	00	00	 10	 21		  0	  0	  0		  0					  0	  0								________________		
%#AUTOTEXT008	0	CHAR	 17	00	00	00	30	00	 13	  9		  0	  0	  0		  0					  0	  0								2. #######		
		CHAR	 95	00	00	00	30	00	 14	  7		  0	  0	  0		  5	R				  0	  0	101									
%#AUTOTEXT011	0	CHAR	  8	00	00	00	30	00	 15	 10		  0	  0	  0		  0					  0	  0								####	                                                                                                                                                                                                                                                        X	
BUKRS	C	CHAR	 15	80	00	80	00	00	 15	 21		  0	  0	  0		  0					  0	  0								_______________		
%#AUTOTEXT013	0	CHAR	 10	00	00	00	30	00	 16	 10		  0	  0	  0		  0					  0	  0								####	                                                                                                                                                                                                                                                        X	
AKONT	C	CHAR	 15	80	00	80	00	00	 16	 21		  0	  0	  0		  0					  0	  0								_______________		
%#AUTOTEXT014	0	CHAR	  8	00	00	00	30	00	 17	 10		  0	  0	  0		  0					  0	  0								####	                                                                                                                                                                                                                                                        X	
ZTERM	C	CHAR	 15	80	00	80	00	00	 17	 21		  0	  0	  0		  0					  0	  0								_______________		
%#AUTOTEXT009	0	CHAR	 17	00	00	00	30	00	 20	  9		  0	  0	  0		  0					  0	  0								3. #######		
		CHAR	 96	00	00	00	30	00	 21	  7		  0	  0	  0		  6	R				  0	  0	102									
%#AUTOTEXT016	0	CHAR	  8	00	00	00	30	00	 22	 10		  0	  0	  0		  0					  0	  0								####	                                                                                                                                                                                                                                                        X	
EKORG	C	CHAR	 15	80	00	80	00	00	 22	 21		  0	  0	  0		  0					  0	  0								_______________		
%#AUTOTEXT017	0	CHAR	  8	00	00	00	30	00	 23	 10		  0	  0	  0		  0					  0	  0								####	                                                                                                                                                                                                                                                        X	
EKGRP	C	CHAR	 15	80	00	80	00	00	 23	 21		  0	  0	  0		  0					  0	  0								_______________		
%#AUTOTEXT019	0	CHAR	 12	00	00	00	30	00	 24	 10		  0	  0	  0		  0					  0	  0								######	                                                                                                                                                                                                                                                        X	
WAERS	C	CHAR	 15	80	00	80	00	00	 24	 23		  0	  0	  0		  0					  0	  0								_______________		
%#AUTOTEXT020	0	CHAR	  8	00	00	00	30	00	 25	 10		  0	  0	  0		  0					  0	  0								####	                                                                                                                                                                                                                                                        X	
MWSKZ	C	CHAR	 15	80	00	80	00	00	 25	 21		  0	  0	  0		  0					  0	  0								_______________		
%#AUTOTEXT022		CHAR	 35	00	00	00	30	00	 27	 68		  0	  0	  0		  0	P				  0	  0	103							### ##	                                                                                                                                                                        SAVE	
		CHAR	 20	80	10	00	00	00	255	  1	O	  0	  0	  0		  0					  0	  0								____________________		
%_FLOWLOGIC																																
PROCESS BEFORE OUTPUT.																																
 MODULE STATUS_0200.																																
 MODULE MODIFY_SCREEN_0200.																																
																																
PROCESS AFTER INPUT.																																
 MODULE USER_COMMAND_0200.																																
