****************************************************************																																
*   This file was generated by Direct Download Enterprise.     *																																
*   Please do not change it manually.                          *																																
****************************************************************																																
%_DYNPRO																																
ZMM08_001																																
0100																																
750																																
                40																																
%_HEADER																																
ZMM08_001                               0100 0100     32117192 37  0  0 32123  0G E                              20251208201433																																
%_DESCRIPTION																																
                40																																
%_FIELDS																																
		CHAR	116	00	00	00	30	00	  1	  3		  0	  0	  0		 32	R				  0	  0	104									
%#AUTOTEXT001	0	CHAR	 10	00	00	00	30	00	  2	  8		  0	  0	  0		  0					  0	  0								#####	                                                                                                                                                                                                                                                        X	
GS_ALV-LIFNR_A1	C	CHAR	 33	80	00	80	00	00	  2	 19		  0	  0	  0		  0					  0	  0								_________________________________		
%#AUTOTEXT002	0	CHAR	 10	00	00	00	30	00	  4	  8		  0	  0	  0		  0					  0	  0								#####		
		CHAR	 85	00	00	00	30	00	  5	  8		  0	  0	  0		  8	R				  0	  0	105									
%#AUTOTEXT003	0	CHAR	  6	00	00	00	30	00	  6	 10		  0	  0	  0		  0					  0	  0								###	                                                                                                                                                                                                                                                        X	
GS_ALV-LAND1	C	CHAR	 23	80	00	80	00	00	  6	 21		  0	  0	  0		  0					  0	  0								_______________________		
%#AUTOTEXT004	0	CHAR	  8	00	00	00	30	00	  7	 10		  0	  0	  0		  0					  0	  0								####	                                                                                                                                                                                                                                                        X	
GS_ALV-NAME1	C	CHAR	 23	80	00	80	00	00	  7	 21		  0	  0	  0		  0					  0	  0								_______________________		
%#AUTOTEXT005	0	CHAR	 10	00	00	00	30	00	  8	 10		  0	  0	  0		  0					  0	  0								#####	                                                                                                                                                                                                                                                        X	
GS_ALV-KTOKK_NAME	C	CHAR	 23	80	00	80	00	00	  8	 21		  0	  0	  0		  0					  0	  0								_______________________		
%#AUTOTEXT006	0	CHAR	  8	00	00	00	30	00	  9	 10		  0	  0	  0		  0					  0	  0								####	                                                                                                                                                                                                                                                        X	
GS_ALV-STCD1	C	CHAR	 23	80	00	80	00	00	  9	 21		  0	  0	  0		  0					  0	  0								_______________________		
%#AUTOTEXT007	0	CHAR	 10	00	00	00	30	00	 10	 10		  0	  0	  0		  0					  0	  0								#####	                                                                                                                                                                                                                                                        X	
GS_ALV-STCD2	C	CHAR	 23	80	00	80	00	00	 10	 21		  0	  0	  0		  0					  0	  0								_______________________		
%#AUTOTEXT008	0	CHAR	  4	00	00	00	30	00	 11	 10		  0	  0	  0		  0					  0	  0								##	                                                                                                                                                                                                                                                        X	
GS_ALV-STRAS	C	CHAR	 23	80	00	80	00	00	 11	 21		  0	  0	  0		  0					  0	  0								_______________________		
%#AUTOTEXT009	0	CHAR	 14	00	00	00	30	00	 14	  8		  0	  0	  0		  0					  0	  0								#######		
		CHAR	 86	00	00	00	30	00	 15	  8		  0	  0	  0		  5	R				  0	  0	101									
%#AUTOTEXT010	0	CHAR	  8	00	00	00	30	00	 16	 10		  0	  0	  0		  0					  0	  0								####	                                                                                                                                                                                                                                                        X	
GS_ALV-BUKRS	C	CHAR	 23	80	00	80	00	00	 16	 21		  0	  0	  0		  0					  0	  0								_______________________		
%#AUTOTEXT011	0	CHAR	 10	00	00	00	30	00	 17	 10		  0	  0	  0		  0					  0	  0								####	                                                                                                                                                                                                                                                        X	
GS_ALV-AKONT_NAME	C	CHAR	 23	80	00	80	00	00	 17	 21		  0	  0	  0		  0					  0	  0								_______________________		
%#AUTOTEXT012	0	CHAR	  8	00	00	00	30	00	 18	 10		  0	  0	  0		  0					  0	  0								####	                                                                                                                                                                                                                                                        X	
GS_ALV-ZTERM_NAME	C	CHAR	 23	80	00	80	00	00	 18	 21		  0	  0	  0		  0					  0	  0								_______________________		
%#AUTOTEXT013	0	CHAR	 14	00	00	00	30	00	 21	  8		  0	  0	  0		  0					  0	  0								#######		
		CHAR	 87	00	00	00	30	00	 22	  8		  0	  0	  0		  7	R				  0	  0	102									
%#AUTOTEXT014	0	CHAR	  8	00	00	00	30	00	 23	 10		  0	  0	  0		  0					  0	  0								####	                                                                                                                                                                                                                                                        X	
GS_ALV-EKORG	C	CHAR	 23	80	00	80	00	00	 23	 21		  0	  0	  0		  0					  0	  0								_______________________		
%#AUTOTEXT015	0	CHAR	  8	00	00	00	30	00	 24	 10		  0	  0	  0		  0					  0	  0								####	                                                                                                                                                                                                                                                        X	
GS_ALV-EKGRP	C	CHAR	 23	80	00	80	00	00	 24	 21		  0	  0	  0		  0					  0	  0								_______________________		
%#AUTOTEXT016	0	CHAR	 12	00	00	00	30	00	 25	 10		  0	  0	  0		  0					  0	  0								######	                                                                                                                                                                                                                                                        X	
GS_ALV-WAERS	C	CHAR	 23	80	00	80	00	00	 25	 23		  0	  0	  0		  0					  0	  0								_______________________		
%#AUTOTEXT017	0	CHAR	  8	00	00	00	30	00	 26	 10		  0	  0	  0		  0					  0	  0								####	                                                                                                                                                                                                                                                        X	
GS_ALV-MWSKZ_NAME	C	CHAR	 23	80	00	80	00	00	 26	 21		  0	  0	  0		  0					  0	  0								_______________________		
		CHAR	 20	80	10	00	00	00	255	  1	O	  0	  0	  0		  0					  0	  0								____________________		
%_FLOWLOGIC																																
PROCESS BEFORE OUTPUT.																																
 MODULE STATUS_0100.																																
 MODULE MODIFY_SCREEN_0100.																																
*																																
PROCESS AFTER INPUT.																																
 MODULE USER_COMMAND_0100.																																
