****************************************************************																																
*   This file was generated by Direct Download Enterprise.     *																																
*   Please do not change it manually.                          *																																
****************************************************************																																
%_DYNPRO																																
ZMM03_001																																
0100																																
750																																
                40																																
%_HEADER																																
ZMM03_001                               0100 0100     25118192 37  0  0 26123  0G E                              20251125165231																																
%_DESCRIPTION																																
                40																																
%_FIELDS																																
%#AUTOTEXT001		CHAR	118	00	00	00	30	00	  1	  2		  0	  0	  0		 25	R				  0	  0	101							### ##		
%#AUTOTEXT002		CHAR	116	00	00	00	30	00	  2	  3		  0	  0	  0		  5	R				  0	  0	102							## ##		
%#AUTOTEXT003	0	CHAR	 10	00	00	00	30	00	  3	  5		  0	  0	  0		  0					  0	  0								#####	                                                                                                                                                                                                                                                        X	
GV_LIFNR	C	CHAR	 48	80	00	80	00	00	  3	 28		  0	  0	  0		  0					  0	  0								________________________________________________		
%#AUTOTEXT004	0	CHAR	  8	00	00	00	30	00	  4	  5		  0	  0	  0		  0					  0	  0								####	                                                                                                                                                                                                                                                        X	
GV_KTOKK	C	CHAR	 48	80	00	80	00	00	  4	 28		  0	  0	  0		  0					  0	  0								________________________________________________		
%#AUTOTEXT005	0	CHAR	  8	00	00	00	30	00	  5	  5		  0	  0	  0		  0					  0	  0								####	                                                                                                                                                                                                                                                        X	
GV_BUKRS	C	CHAR	 48	80	00	80	00	00	  5	 28		  0	  0	  0		  0					  0	  0								________________________________________________		
%#AUTOTEXT006		CHAR	116	00	00	00	30	00	  7	  3		  0	  0	  0		  7	R				  0	  0	103							##		
%#AUTOTEXT007	0	CHAR	  8	00	00	00	30	00	  8	  5		  0	  0	  0		  0					  0	  0								####	                                                                                                                                                                                                                                                        X	
GV_NAME1	C	CHAR	 48	80	00	80	00	00	  8	 28		  0	  0	  0		  0					  0	  0								________________________________________________		
%#AUTOTEXT008	0	CHAR	  6	00	00	00	30	00	  9	  5		  0	  0	  0		  0					  0	  0								###	                                                                                                                                                                                                                                                        X	
GV_LAND1	C	CHAR	 48	80	00	80	00	00	  9	 28		  0	  0	  0		  0					  0	  0								________________________________________________		
GV_STCD1_TXT	0	CHAR	  8	00	00	00	30	00	 10	  5		  0	  0	  0		  0					  0	  0								####	                                                                                                                                                                                                                                                        X	
GV_STCD1	C	CHAR	 48	80	00	80	00	00	 10	 28		  0	  0	  0		  0					  0	  0								________________________________________________		
GV_STCD2_TXT	0	CHAR	 10	00	00	00	30	00	 11	  5		  0	  0	  0		  0					  0	  0								#####	                                                                                                                                                                                                                                                        X	
GV_STCD2	C	CHAR	 48	80	00	80	00	00	 11	 28		  0	  0	  0		  0					  0	  0								________________________________________________		
%#AUTOTEXT011	0	CHAR	  4	00	00	00	30	00	 12	  5		  0	  0	  0		  0					  0	  0								##	                                                                                                                                                                                                                                                        X	
GV_STRAS	C	CHAR	 48	80	00	80	00	00	 12	 28		  0	  0	  0		  0					  0	  0								________________________________________________		
%#AUTOTEXT012		CHAR	116	00	00	00	30	00	 14	  3		  0	  0	  0		  4	R				  0	  0	104							##		
%#AUTOTEXT013	0	CHAR	  4	00	00	00	30	00	 15	  5		  0	  0	  0		  0					  0	  0								##	                                                                                                                                                                                                                                                        X	
GV_AKONT	C	CHAR	 48	80	00	80	00	00	 15	 28		  0	  0	  0		  0					  0	  0								________________________________________________		
%#AUTOTEXT014	0	CHAR	  8	00	00	00	30	00	 16	  5		  0	  0	  0		  0					  0	  0								####	                                                                                                                                                                                                                                                        X	
GV_ZTERM	C	CHAR	 48	80	00	80	00	00	 16	 28		  0	  0	  0		  0					  0	  0								________________________________________________		
%#AUTOTEXT015		CHAR	116	00	00	00	30	00	 18	  3		  0	  0	  0		  6	R				  0	  0	105							####		
%#AUTOTEXT019	0	CHAR	  8	00	00	00	30	00	 19	  5		  0	  0	  0		  0					  0	  0								####		
GV_EKORG	C	CHAR	 48	80	00	80	00	00	 19	 29		  0	  0	  0		  0					  0	  0								________________________________________________		
%#AUTOTEXT016	0	CHAR	  8	00	00	00	30	00	 20	  5		  0	  0	  0		  0					  0	  0								####	                                                                                                                                                                                                                                                        X	
GV_EKGRP	C	CHAR	 48	80	00	80	00	00	 20	 29		  0	  0	  0		  0					  0	  0								________________________________________________		
%#AUTOTEXT017	0	CHAR	  8	00	00	00	30	00	 21	  5		  0	  0	  0		  0					  0	  0								####	                                                                                                                                                                                                                                                        X	
GV_WAERS	C	CHAR	 48	80	00	80	00	00	 21	 29		  0	  0	  0		  0					  0	  0								________________________________________________		
%#AUTOTEXT018	0	CHAR	  8	00	00	00	30	00	 22	  5		  0	  0	  0		  0					  0	  0								####	                                                                                                                                                                                                                                                        X	
GV_MWSKZ	C	CHAR	 48	80	00	80	00	00	 22	 29		  0	  0	  0		  0					  0	  0								________________________________________________		
GV_SAVE		CHAR	  4	00	00	00	30	00	 24	 59		  0	  0	  0		  0	P				  0	  0	106							##	                                                                                                                                                                        SAVE	
OK_CODE		CHAR	 20	80	10	00	00	00	255	  1	O	  0	  0	  0		  0					  0	  0								____________________		
%_FLOWLOGIC																																
PROCESS BEFORE OUTPUT.																																
 MODULE STATUS_0100.																																
																																
PROCESS AFTER INPUT.																																
 MODULE USER_COMMAND_0100.																																
 MODULE EXIT_COMMAND.																																
