****************************************************************																																
*   This file was generated by Direct Download Enterprise.     *																																
*   Please do not change it manually.                          *																																
****************************************************************																																
%_DYNPRO																																
ZMM02_001																																
0200																																
750																																
                40																																
%_HEADER																																
ZMM02_001                               0200 0200     28112192 37  0  0 50147  0G E                              20251212195041																																
%_DESCRIPTION																																
                40																																
%_FIELDS																																
B_REF		CHAR	101	00	00	00	30	00	  2	 12		  0	  0	  0		  6	R				  0	  0	101							## # ## ##		
T_LIFNR	0	CHAR	 10	00	00	00	30	00	  3	 18		  0	  0	  0		  0					  0	  0								#####		
G_LIFNR	C	CHAR	 39	80	00	80	30	00	  3	 41		  0	  0	  0		  0					  0	  0								_______________________________________		
T_KTOKK	0	CHAR	 10	00	00	00	30	00	  4	 18		  0	  0	  0		  0					  0	  0								#####	                                                                                                                                                                                                                                                        X	
G_KTOKK	C	CHAR	 39	80	00	80	30	08	  4	 41		  0	  0	  0		  0					  0	  0			ZSH02_KTOKK					_______________________________________		
T_BUKRS	0	CHAR	  8	00	00	00	30	00	  5	 18		  0	  0	  0		  0					  0	  0								####	                                                                                                                                                                                                                                                        X	
G_BUKRS	C	CHAR	 39	80	00	80	30	08	  5	 41		  0	  0	  0		  0					  0	  0			C_T001					_______________________________________		
B_GEN		CHAR	102	00	00	00	30	00	  8	 12		  0	  0	  0		  7	R				  0	  0	102							## ###		
T_NAME1	0	CHAR	  8	00	00	00	30	00	  9	 19		  0	  0	  0		  0					  0	  0								####		
G_NAME1	C	CHAR	 38	80	00	80	30	00	  9	 41		  0	  0	  0		  0					  0	  0								______________________________________		
T_LAND1	0	CHAR	  6	00	00	00	30	00	 10	 19		  0	  0	  0		  0					  0	  0								###		
G_LAND1	C	CHAR	 38	80	00	80	30	08	 10	 41		  0	  0	  0		  0					  0	  0			C_LAND1					______________________________________		
T_STRAS	0	CHAR	  4	00	00	00	30	00	 11	 19		  0	  0	  0		  0					  0	  0								##		
G_STRAS	C	CHAR	 38	80	00	80	30	00	 11	 41		  0	  0	  0		  0					  0	  0								______________________________________		
T_STCD1	0	CHAR	  8	00	00	00	30	00	 12	 19		  0	  0	  0		  0					  0	  0				M1				####		
G_STCD1	C	CHAR	 38	80	00	80	00	00	 12	 41		  0	  0	  0		  0					  0	  0				M1				______________________________________		
G_STCD2	0	CHAR	 11	00	00	00	30	00	 13	 19		  0	  0	  0		  0					  0	  0				M2				### ##		
G_STCD2	C	CHAR	 38	80	00	80	00	00	 13	 41		  0	  0	  0		  0					  0	  0				M2				______________________________________		
B_FI		CHAR	102	00	00	00	30	00	 15	 12		  0	  0	  0		  7	R				  0	  0	103							## ###		
T_AKONT	0	CHAR	  4	00	00	00	30	00	 17	 19		  0	  0	  0		  0					  0	  0								##		
G_AKONT	C	CHAR	 38	80	00	80	30	08	 17	 41		  0	  0	  0		  0					  0	  0			ZSH02_AKONT					______________________________________		
T_ZTERM	0	CHAR	  8	00	00	00	30	00	 18	 19		  0	  0	  0		  0					  0	  0								####		
G_ZTERM	C	CHAR	 38	80	00	80	30	08	 18	 41		  0	  0	  0		  0					  0	  0			ZSH02_ZTERM					______________________________________		
T_MWSKZ	0	CHAR	  8	00	00	00	30	00	 19	 19		  0	  0	  0		  0					  0	  0								####		
G_MWSKZ	C	CHAR	 38	80	00	80	30	08	 19	 41		  0	  0	  0		  0					  0	  0			ZSH02_MWSKZ					______________________________________		
T_LOEVM_B	0	CHAR	 10	00	00	00	30	00	 20	 19		  0	  0	  0		  0					  0	  0								#####		
G_LOEVM_B	C	CHAR	  1	80	00	80	30	00	 20	 41		  0	  0	  0		  0	C				  0	  0	104									
B_MM		CHAR	102	00	00	00	30	00	 22	 12		  0	  0	  0		  7	R				  0	  0	105							## ###		
T_EKORG	0	CHAR	  8	00	00	00	30	00	 24	 20		  0	  0	  0		  0					  0	  0								####		
G_EKORG	C	CHAR	 38	80	00	80	30	00	 24	 41		  0	  0	  0		  0					  0	  0								______________________________________		
T_EKGRP	0	CHAR	  8	00	00	00	30	00	 25	 20		  0	  0	  0		  0					  0	  0								####		
G_EKGRP	C	CHAR	 38	80	00	80	30	00	 25	 41		  0	  0	  0		  0					  0	  0								______________________________________		
T_WAERS	0	CHAR	 12	00	00	00	30	00	 26	 20		  0	  0	  0		  0					  0	  0								######		
G_WAERS	C	CHAR	 38	80	00	80	30	00	 26	 41		  0	  0	  0		  0					  0	  0								______________________________________		
T_LOEVM_E	0	CHAR	 10	00	00	00	30	00	 27	 20		  0	  0	  0		  0					  0	  0								#####		
G_LOEVM_M	C	CHAR	  1	80	00	80	30	00	 27	 41		  0	  0	  0		  0	C				  0	  0	106									
OK_CODE		CHAR	 20	80	10	00	00	00	255	  1	O	  0	  0	  0		  0					  0	  0								____________________		
%_FLOWLOGIC																																
PROCESS BEFORE OUTPUT.																																
  MODULE STATUS_0200.																																
																																
PROCESS AFTER INPUT.																																
  MODULE USER_COMMAND_0200.																																
  MODULE EXIT_COMMAND AT EXIT-COMMAND.																																
