****************************************************************																																
*   This file was generated by Direct Download Enterprise.     *																																
*   Please do not change it manually.                          *																																
****************************************************************																																
%_DYNPRO																																
ZMM06_001																																
0200																																
750																																
                40																																
%_HEADER																																
ZMM06_001                               0200 0200     32 64192 37  0  0 36123  0G E                              20251201193053																																
%_DESCRIPTION																																
                40																																
%_FIELDS																																
%#AUTOTEXT001	0	CHAR	 13	00	00	00	30	00	  2	  6		  0	  0	  0		  0					  0	  0								1. #####		
		CHAR	 61	00	00	00	30	00	  3	  5		  0	  0	  0		  9	R				  0	  0	101									
%#AUTOTEXT002	0	CHAR	 10	00	00	00	30	00	  4	  9		  0	  0	  0		  0					  0	  0								#####	                                                                                                                                                                                                                                                        X	
LIFNR_A1	C	CHAR	 12	80	00	80	00	00	  4	 20		  0	  0	  0		  0					  0	  0								____________		
%#AUTOTEXT003	0	CHAR	  8	00	00	00	30	00	  5	  9		  0	  0	  0		  0					  0	  0								####	                                                                                                                                                                                                                                                        X	
NAME1	C	CHAR	 12	80	00	80	00	00	  5	 20		  0	  0	  0		  0					  0	  0								____________		
%#AUTOTEXT004	0	CHAR	  6	00	00	00	30	00	  6	  9		  0	  0	  0		  0					  0	  0								###	                                                                                                                                                                                                                                                        X	
LAND1	C	CHAR	 12	80	00	80	00	00	  6	 20		  0	  0	  0		  0					  0	  0								____________		
%#AUTOTEXT005	0	CHAR	 10	00	00	00	30	00	  7	  9		  0	  0	  0		  0					  0	  0								#####	                                                                                                                                                                                                                                                        X	
KTOKK	C	CHAR	 12	80	00	80	00	00	  7	 20		  0	  0	  0		  0					  0	  0								____________		
STCD1	0	CHAR	  8	00	00	00	30	00	  8	  9		  0	  0	  0		  0					  0	  0				ST1				####	                                                                                                                                                                                                                                                        X	
STCD1	C	CHAR	 12	80	00	80	00	00	  8	 20		  0	  0	  0		  0					  0	  0				ST1				____________		
STCD2	0	CHAR	 10	00	00	00	30	00	  9	  9		  0	  0	  0		  0					  0	  0				ST2				#####	                                                                                                                                                                                                                                                        X	
STCD2	C	CHAR	 12	80	00	80	00	00	  9	 20		  0	  0	  0		  0					  0	  0				ST2				____________		
%#AUTOTEXT008	0	CHAR	  4	00	00	00	30	00	 10	  9		  0	  0	  0		  0					  0	  0								##	                                                                                                                                                                                                                                                        X	
STRAS	C	CHAR	 12	80	00	80	00	00	 10	 20		  0	  0	  0		  0					  0	  0								____________		
%#AUTOTEXT009	0	CHAR	 17	00	00	00	30	00	 13	  6		  0	  0	  0		  0					  0	  0								2. #######		
		CHAR	 61	00	00	00	30	00	 14	  5		  0	  0	  0		  7	R				  0	  0	102									
%#AUTOTEXT010	0	CHAR	 10	00	00	00	30	00	 15	  9		  0	  0	  0		  0					  0	  0								#####	                                                                                                                                                                                                                                                        X	
LIFNR_B1	C	CHAR	 12	80	00	80	00	00	 15	 20		  0	  0	  0		  0					  0	  0								____________		
%#AUTOTEXT011	0	CHAR	  8	00	00	00	30	00	 16	  9		  0	  0	  0		  0					  0	  0								####	                                                                                                                                                                                                                                                        X	
BUKRS	C	CHAR	 12	80	00	80	00	00	 16	 20		  0	  0	  0		  0					  0	  0								____________		
%#AUTOTEXT012	0	CHAR	 10	00	00	00	30	00	 17	  9		  0	  0	  0		  0					  0	  0								#####	                                                                                                                                                                                                                                                        X	
LOEVM_B1	C	CHAR	 12	80	00	80	00	00	 17	 20		  0	  0	  0		  0					  0	  0								____________		
%#AUTOTEXT013	0	CHAR	  4	00	00	00	30	00	 18	  9		  0	  0	  0		  0					  0	  0								##	                                                                                                                                                                                                                                                        X	
AKONT	C	CHAR	 12	80	00	80	00	00	 18	 20		  0	  0	  0		  0					  0	  0								____________		
%#AUTOTEXT014	0	CHAR	  8	00	00	00	30	00	 19	  9		  0	  0	  0		  0					  0	  0								####	                                                                                                                                                                                                                                                        X	
ZTERM	C	CHAR	 12	80	00	80	00	00	 19	 20		  0	  0	  0		  0					  0	  0								____________		
%#AUTOTEXT015	0	CHAR	 17	00	00	00	30	00	 22	  6		  0	  0	  0		  0					  0	  0								3. #######		
		CHAR	 61	00	00	00	30	00	 23	  5		  0	  0	  0		  8	R				  0	  0	103									
%#AUTOTEXT016	0	CHAR	 10	00	00	00	30	00	 24	  9		  0	  0	  0		  0					  0	  0								#####	                                                                                                                                                                                                                                                        X	
LIFNR_M1	C	CHAR	 12	80	00	80	00	00	 24	 20		  0	  0	  0		  0					  0	  0								____________		
%#AUTOTEXT017	0	CHAR	  8	00	00	00	30	00	 25	  9		  0	  0	  0		  0					  0	  0								####	                                                                                                                                                                                                                                                        X	
EKORG	C	CHAR	 12	80	00	80	00	00	 25	 20		  0	  0	  0		  0					  0	  0								____________		
%#AUTOTEXT018	0	CHAR	  8	00	00	00	30	00	 26	  9		  0	  0	  0		  0					  0	  0								####	                                                                                                                                                                                                                                                        X	
EKGRP	C	CHAR	 12	80	00	80	00	00	 26	 20		  0	  0	  0		  0					  0	  0								____________		
%#AUTOTEXT019	0	CHAR	 10	00	00	00	30	00	 27	  9		  0	  0	  0		  0					  0	  0								#####	                                                                                                                                                                                                                                                        X	
LOEVM_M1	C	CHAR	 12	80	00	80	00	00	 27	 20		  0	  0	  0		  0					  0	  0								____________		
%#AUTOTEXT020	0	CHAR	 12	00	00	00	30	00	 28	  9		  0	  0	  0		  0					  0	  0								######	                                                                                                                                                                                                                                                        X	
WAERS	C	CHAR	 12	80	00	80	00	00	 28	 23		  0	  0	  0		  0					  0	  0								____________		
%#AUTOTEXT021	0	CHAR	  8	00	00	00	30	00	 29	  9		  0	  0	  0		  0					  0	  0								####	                                                                                                                                                                                                                                                        X	
MWSKZ	C	CHAR	 12	80	00	80	00	00	 29	 20		  0	  0	  0		  0					  0	  0								____________		
%#AUTOTEXT022		CHAR	 11	00	00	00	30	00	 32	 55		  0	  0	  0		  0	P				  0	  0	104							### ##	                                                                                                                                                                        SAVE	
OK_CODE		CHAR	 20	80	10	00	00	00	255	  1	O	  0	  0	  0		  0					  0	  0								____________________		
%_FLOWLOGIC																																
PROCESS BEFORE OUTPUT.																																
 MODULE STATUS_0200.																																
 MODULE CONTROL_SCREEN_0200_ELEMENTS.																																
																																
																																
PROCESS AFTER INPUT.																																
 MODULE USER_COMMAND_0200.																																
