****************************************************************																																
*   This file was generated by Direct Download Enterprise.     *																																
*   Please do not change it manually.                          *																																
****************************************************************																																
%_DYNPRO																																
ZEDR16_PROJECT001																																
0100																																
750																																
                40																																
%_HEADER																																
ZEDR16_PROJECT001                       0100 0100     31 93192 37  0  0 34117  0G E                              20251125234437																																
%_DESCRIPTION																																
                40																																
%_FIELDS																																
B1		CHAR	 77	00	00	00	30	00	  2	 18		  0	  0	  0		 11	R				  0	  0	101							## ###		
LIFNR	0	CHAR	 10	00	00	00	30	00	  4	 25		  0	  0	  0		  0					  0	  0								#####	                                                                                                                                                                                                                                                        X	
INPUT_LIFNR	C	CHAR	 50	80	00	80	00	00	  4	 39		  0	  0	  0		  0					  0	  0								__________________________________________________		
NAME1	0	CHAR	  8	00	00	00	30	00	  5	 25		  0	  0	  0		  0					  0	  0								####	                                                                                                                                                                                                                                                        X	
INPUT_NAME1	C	CHAR	 50	80	00	80	00	00	  5	 39		  0	  0	  0		  0					  0	  0								__________________________________________________		
LAND1	0	CHAR	  6	00	00	00	30	00	  6	 25		  0	  0	  0		  0					  0	  0								###	                                                                                                                                                                                                                                                        X	
INPUT_LAND1	C	CHAR	 50	80	00	80	00	00	  6	 39		  0	  0	  0		  0					  0	  0								__________________________________________________		
KTOKK	0	CHAR	 10	00	00	00	30	00	  7	 25		  0	  0	  0		  0					  0	  0								#####	                                                                                                                                                                                                                                                        X	
INPUT_KTOKK	C	CHAR	 50	80	00	80	00	00	  7	 39		  0	  0	  0		  0					  0	  0								__________________________________________________		
STCD1	0	CHAR	  8	00	00	00	30	00	  8	 25		  0	  0	  0		  0					  0	  0								####	                                                                                                                                                                                                                                                        X	
INPUT_STCD1	C	CHAR	 50	80	00	80	00	00	  8	 39		  0	  0	  0		  0					  0	  0								__________________________________________________		
STCD2	0	CHAR	 10	00	00	00	30	00	  9	 25		  0	  0	  0		  0					  0	  0								#####	                                                                                                                                                                                                                                                        X	
INPUT_STCD2	C	CHAR	 50	80	00	80	00	00	  9	 39		  0	  0	  0		  0					  0	  0								__________________________________________________		
STRAS	0	CHAR	  4	00	00	00	30	00	 10	 25		  0	  0	  0		  0					  0	  0								##	                                                                                                                                                                                                                                                        X	
INPUT_STRAS	C	CHAR	 50	80	00	80	00	00	 10	 39		  0	  0	  0		  0					  0	  0								__________________________________________________		
B2		CHAR	 77	00	00	00	30	00	 15	 18		  0	  0	  0		  7	R				  0	  0	102							#### ###		
BUKRS	0	CHAR	  8	00	00	00	30	00	 17	 25		  0	  0	  0		  0					  0	  0								####	                                                                                                                                                                                                                                                        X	
INPUT_BUKRS	C	CHAR	 50	80	00	80	00	00	 17	 39		  0	  0	  0		  0					  0	  0								__________________________________________________		
AKONT	0	CHAR	  4	00	00	00	30	00	 18	 25		  0	  0	  0		  0					  0	  0								##	                                                                                                                                                                                                                                                        X	
INPUT_AKONT	C	CHAR	 50	80	00	80	00	00	 18	 39		  0	  0	  0		  0					  0	  0								__________________________________________________		
ZTERM	0	CHAR	  8	00	00	00	30	00	 19	 25		  0	  0	  0		  0					  0	  0								####	                                                                                                                                                                                                                                                        X	
INPUT_ZTERM	C	CHAR	 50	80	00	80	00	00	 19	 39		  0	  0	  0		  0					  0	  0								__________________________________________________		
B3		CHAR	 77	00	00	00	30	00	 24	 18		  0	  0	  0		  8	R				  0	  0	103							#### ###		
EKORG	0	CHAR	  8	00	00	00	30	00	 26	 25		  0	  0	  0		  0					  0	  0								####	                                                                                                                                                                                                                                                        X	
INPUT_EKORG	C	CHAR	 50	80	00	80	00	00	 26	 39		  0	  0	  0		  0					  0	  0								__________________________________________________		
EKGRP	0	CHAR	  8	00	00	00	30	00	 27	 25		  0	  0	  0		  0					  0	  0								####	                                                                                                                                                                                                                                                        X	
INPUT_EKGRP	C	CHAR	 50	80	00	80	00	00	 27	 39		  0	  0	  0		  0					  0	  0								__________________________________________________		
WAERS	0	CHAR	 12	00	00	00	30	00	 28	 25		  0	  0	  0		  0					  0	  0								######	                                                                                                                                                                                                                                                        X	
INPUT_WAERS	C	CHAR	 50	80	00	80	00	00	 28	 39		  0	  0	  0		  0					  0	  0								__________________________________________________		
MWSKZ	0	CHAR	  8	00	00	00	30	00	 29	 25		  0	  0	  0		  0					  0	  0								####	                                                                                                                                                                                                                                                        X	
INPUT_MWSKZ	C	CHAR	 50	80	00	80	00	00	 29	 39		  0	  0	  0		  0					  0	  0								__________________________________________________		
OK_CODE		CHAR	 20	80	10	00	00	00	255	  1	O	  0	  0	  0		  0					  0	  0								____________________		
%_FLOWLOGIC																																
PROCESS BEFORE OUTPUT.																																
  MODULE STATUS_0100.																																
																																
PROCESS AFTER INPUT.																																
  MODULE USER_COMMAND_0100.																																
  MODULE EXIT_COMMAND AT EXIT-COMMAND.																																
